n,m,graph_id,solver,feasible,feasible_seed_count,avg_minla_cost,lower_bound,approx_ratio,time_s,num_seeds,num_reads,num_sweeps
10,21,0,PathIntegralAnnealingSampler,True,5,51.8,37.0,1.4,1.222,5,10,500
10,25,1,PathIntegralAnnealingSampler,True,5,68.6,50.000000000000014,1.3719999999999994,1.237,5,10,500
10,19,2,PathIntegralAnnealingSampler,True,5,49.4,32.0,1.54375,1.206,5,10,500
10,27,3,PathIntegralAnnealingSampler,True,5,78.2,60.58877549200334,1.290668104198954,1.214,5,10,500
10,23,4,PathIntegralAnnealingSampler,True,5,60.6,43.0,1.4093023255813955,1.203,5,10,500
10,20,5,PathIntegralAnnealingSampler,True,5,39.6,34.0,1.1647058823529413,1.212,5,10,500
10,22,6,PathIntegralAnnealingSampler,True,5,54.4,40.0,1.3599999999999999,1.218,5,10,500
10,20,7,PathIntegralAnnealingSampler,True,5,42.4,35.0,1.2114285714285713,1.214,5,10,500
10,23,8,PathIntegralAnnealingSampler,True,5,61.6,43.0,1.4325581395348836,1.228,5,10,500
10,20,9,PathIntegralAnnealingSampler,True,5,48.4,34.5,1.4028985507246376,1.214,5,10,500
10,24,10,PathIntegralAnnealingSampler,True,5,57.0,46.0,1.2391304347826086,1.208,5,10,500
10,25,11,PathIntegralAnnealingSampler,True,5,62.6,50.000000000000014,1.2519999999999998,1.211,5,10,500
10,18,12,PathIntegralAnnealingSampler,True,5,39.2,31.0,1.2645161290322582,1.217,5,10,500
10,26,13,PathIntegralAnnealingSampler,True,5,75.4,56.630695516535866,1.3314334092538842,1.21,5,10,500
10,24,14,PathIntegralAnnealingSampler,True,5,64.2,46.0,1.3956521739130436,1.212,5,10,500
10,22,15,PathIntegralAnnealingSampler,True,5,54.6,40.0,1.365,1.222,5,10,500
10,19,16,PathIntegralAnnealingSampler,True,5,44.0,33.0,1.3333333333333333,1.215,5,10,500
10,18,17,PathIntegralAnnealingSampler,True,5,37.0,30.0,1.2333333333333334,1.212,5,10,500
10,18,18,PathIntegralAnnealingSampler,True,5,39.0,31.0,1.2580645161290323,1.224,5,10,500
10,24,19,PathIntegralAnnealingSampler,True,5,64.8,46.0,1.408695652173913,1.208,5,10,500
10,15,20,PathIntegralAnnealingSampler,True,5,34.2,25.0,1.368,1.214,5,10,500
10,20,21,PathIntegralAnnealingSampler,True,5,46.4,34.0,1.3647058823529412,1.2,5,10,500
10,28,22,PathIntegralAnnealingSampler,True,5,82.6,62.000000000000014,1.3322580645161286,1.203,5,10,500
10,20,23,PathIntegralAnnealingSampler,True,5,52.0,34.0,1.5294117647058822,1.213,5,10,500
10,20,24,PathIntegralAnnealingSampler,True,5,47.8,34.5,1.3855072463768114,1.225,5,10,500
10,28,25,PathIntegralAnnealingSampler,True,5,76.8,62.000000000000014,1.2387096774193544,1.238,5,10,500
10,23,26,PathIntegralAnnealingSampler,True,5,58.6,43.0,1.3627906976744186,1.204,5,10,500
10,20,27,PathIntegralAnnealingSampler,True,5,50.0,34.0,1.4705882352941178,1.208,5,10,500
10,22,28,PathIntegralAnnealingSampler,True,5,52.6,40.0,1.315,1.21,5,10,500
10,27,29,PathIntegralAnnealingSampler,True,5,69.4,58.000000000000014,1.1965517241379309,1.202,5,10,500
10,23,30,PathIntegralAnnealingSampler,True,5,56.6,43.0,1.3162790697674418,1.206,5,10,500
10,22,31,PathIntegralAnnealingSampler,True,5,52.4,40.0,1.31,1.217,5,10,500
10,21,32,PathIntegralAnnealingSampler,True,5,55.6,37.0,1.5027027027027027,1.213,5,10,500
10,21,33,PathIntegralAnnealingSampler,True,5,52.8,37.0,1.4270270270270269,1.218,5,10,500
10,19,34,PathIntegralAnnealingSampler,True,5,40.4,31.0,1.303225806451613,1.209,5,10,500
10,29,35,PathIntegralAnnealingSampler,True,5,82.8,66.00000000000001,1.2545454545454542,1.231,5,10,500
10,20,36,PathIntegralAnnealingSampler,True,5,50.4,34.0,1.4823529411764707,1.21,5,10,500
10,18,37,PathIntegralAnnealingSampler,True,5,42.8,29.0,1.475862068965517,1.208,5,10,500
10,22,38,PathIntegralAnnealingSampler,True,5,49.2,40.0,1.23,1.216,5,10,500
10,17,39,PathIntegralAnnealingSampler,True,5,35.2,28.0,1.2571428571428573,1.202,5,10,500
10,25,40,PathIntegralAnnealingSampler,True,5,58.4,50.000000000000014,1.1679999999999997,1.207,5,10,500
10,23,41,PathIntegralAnnealingSampler,True,5,61.4,43.0,1.427906976744186,1.21,5,10,500
10,19,42,PathIntegralAnnealingSampler,True,5,43.6,32.0,1.3625,1.204,5,10,500
10,23,43,PathIntegralAnnealingSampler,True,5,60.8,43.0,1.413953488372093,1.202,5,10,500
10,19,44,PathIntegralAnnealingSampler,True,5,43.6,32.0,1.3625,1.202,5,10,500
10,22,45,PathIntegralAnnealingSampler,True,5,45.4,40.0,1.135,1.214,5,10,500
10,22,46,PathIntegralAnnealingSampler,True,5,50.2,40.0,1.2550000000000001,1.22,5,10,500
10,22,47,PathIntegralAnnealingSampler,True,5,51.4,40.0,1.285,1.215,5,10,500
10,30,48,PathIntegralAnnealingSampler,True,5,88.6,70.00000000000001,1.2657142857142853,1.22,5,10,500
10,24,49,PathIntegralAnnealingSampler,True,5,64.6,46.0,1.4043478260869564,1.222,5,10,500
10,16,50,PathIntegralAnnealingSampler,True,5,35.8,27.0,1.3259259259259257,1.21,5,10,500
10,28,51,PathIntegralAnnealingSampler,True,5,80.0,62.000000000000014,1.290322580645161,1.2,5,10,500
10,24,52,PathIntegralAnnealingSampler,True,5,59.0,46.0,1.2826086956521738,1.212,5,10,500
10,21,53,PathIntegralAnnealingSampler,True,5,52.0,37.0,1.4054054054054055,1.211,5,10,500
10,21,54,PathIntegralAnnealingSampler,True,5,51.4,37.0,1.3891891891891892,1.213,5,10,500
10,28,55,PathIntegralAnnealingSampler,True,5,77.2,62.000000000000014,1.2451612903225804,1.216,5,10,500
10,23,56,PathIntegralAnnealingSampler,True,5,56.0,43.0,1.302325581395349,1.214,5,10,500
10,18,57,PathIntegralAnnealingSampler,True,5,40.2,31.0,1.2967741935483872,1.204,5,10,500
10,21,58,PathIntegralAnnealingSampler,True,5,49.0,37.0,1.3243243243243243,1.223,5,10,500
10,24,59,PathIntegralAnnealingSampler,True,5,64.4,46.0,1.4000000000000001,1.227,5,10,500
10,23,60,PathIntegralAnnealingSampler,True,5,61.6,43.0,1.4325581395348836,1.227,5,10,500
10,26,61,PathIntegralAnnealingSampler,True,5,68.0,54.000000000000014,1.2592592592592589,1.211,5,10,500
10,25,62,PathIntegralAnnealingSampler,True,5,67.2,50.000000000000014,1.3439999999999996,1.222,5,10,500
10,19,63,PathIntegralAnnealingSampler,True,5,46.2,32.0,1.44375,1.242,5,10,500
10,17,64,PathIntegralAnnealingSampler,True,5,36.4,27.0,1.348148148148148,1.267,5,10,500
10,24,65,PathIntegralAnnealingSampler,True,5,63.8,46.0,1.3869565217391304,1.237,5,10,500
10,30,66,PathIntegralAnnealingSampler,True,5,84.8,70.00000000000001,1.211428571428571,1.257,5,10,500
10,17,67,PathIntegralAnnealingSampler,True,5,39.8,29.0,1.3724137931034481,1.268,5,10,500
10,25,68,PathIntegralAnnealingSampler,True,5,65.2,50.000000000000014,1.3039999999999996,1.238,5,10,500
10,20,69,PathIntegralAnnealingSampler,True,5,51.0,34.0,1.5,1.212,5,10,500
10,21,70,PathIntegralAnnealingSampler,True,5,44.8,37.0,1.2108108108108107,1.233,5,10,500
10,18,71,PathIntegralAnnealingSampler,True,5,37.2,28.0,1.3285714285714287,1.242,5,10,500
10,25,72,PathIntegralAnnealingSampler,True,5,67.0,50.000000000000014,1.3399999999999996,1.244,5,10,500
10,22,73,PathIntegralAnnealingSampler,True,5,57.4,40.0,1.435,1.233,5,10,500
10,27,74,PathIntegralAnnealingSampler,True,5,77.4,58.000000000000014,1.3344827586206893,1.228,5,10,500
10,24,75,PathIntegralAnnealingSampler,True,5,61.4,46.0,1.3347826086956522,1.26,5,10,500
10,22,76,PathIntegralAnnealingSampler,True,5,53.4,40.0,1.335,1.231,5,10,500
10,25,77,PathIntegralAnnealingSampler,True,5,63.4,50.000000000000014,1.2679999999999996,1.253,5,10,500
10,16,78,PathIntegralAnnealingSampler,True,5,34.0,28.0,1.2142857142857142,1.338,5,10,500
10,19,79,PathIntegralAnnealingSampler,True,5,44.0,31.0,1.4193548387096775,1.292,5,10,500
10,22,80,PathIntegralAnnealingSampler,True,5,57.4,40.0,1.435,1.278,5,10,500
10,19,81,PathIntegralAnnealingSampler,True,5,42.8,31.0,1.3806451612903226,1.27,5,10,500
10,18,82,PathIntegralAnnealingSampler,True,5,35.6,31.0,1.1483870967741936,1.22,5,10,500
10,27,83,PathIntegralAnnealingSampler,True,5,75.8,58.000000000000014,1.3068965517241375,1.307,5,10,500
10,23,84,PathIntegralAnnealingSampler,True,5,57.2,43.0,1.330232558139535,1.254,5,10,500
10,23,85,PathIntegralAnnealingSampler,True,5,55.6,43.0,1.2930232558139536,1.283,5,10,500
10,24,86,PathIntegralAnnealingSampler,True,5,62.4,46.0,1.3565217391304347,1.265,5,10,500
10,22,87,PathIntegralAnnealingSampler,True,5,57.0,40.0,1.425,1.233,5,10,500
10,23,88,PathIntegralAnnealingSampler,True,5,52.6,43.0,1.2232558139534884,1.234,5,10,500
10,20,89,PathIntegralAnnealingSampler,True,5,48.2,34.0,1.4176470588235295,1.213,5,10,500
10,22,90,PathIntegralAnnealingSampler,True,5,58.6,40.0,1.465,1.216,5,10,500
10,24,91,PathIntegralAnnealingSampler,True,5,57.6,46.0,1.2521739130434784,1.216,5,10,500
10,23,92,PathIntegralAnnealingSampler,True,5,58.0,43.0,1.3488372093023255,1.223,5,10,500
10,27,93,PathIntegralAnnealingSampler,True,5,71.4,58.000000000000014,1.2310344827586206,1.217,5,10,500
10,25,94,PathIntegralAnnealingSampler,True,5,64.0,50.000000000000014,1.2799999999999996,1.202,5,10,500
10,26,95,PathIntegralAnnealingSampler,True,5,69.4,54.000000000000014,1.285185185185185,1.217,5,10,500
10,24,96,PathIntegralAnnealingSampler,True,5,62.0,46.0,1.3478260869565217,1.231,5,10,500
10,25,97,PathIntegralAnnealingSampler,True,5,65.0,50.000000000000014,1.2999999999999996,1.234,5,10,500
10,21,98,PathIntegralAnnealingSampler,True,5,56.6,37.619145031507024,1.5045530660677167,1.222,5,10,500
10,25,99,PathIntegralAnnealingSampler,True,5,59.0,50.000000000000014,1.1799999999999997,1.226,5,10,500
15,52,0,PathIntegralAnnealingSampler,True,5,196.8,130.0,1.5138461538461538,3.74,5,10,500
15,57,1,PathIntegralAnnealingSampler,True,5,221.2,158.44971975379113,1.3960264514428558,3.763,5,10,500
15,48,2,PathIntegralAnnealingSampler,True,5,177.4,117.12997260862763,1.5145568298966117,3.749,5,10,500
15,52,3,PathIntegralAnnealingSampler,True,5,199.6,130.0,1.5353846153846153,3.768,5,10,500
15,53,4,PathIntegralAnnealingSampler,True,5,205.6,135.0,1.5229629629629629,3.783,5,10,500
15,51,5,PathIntegralAnnealingSampler,True,5,194.4,125.0,1.5552000000000001,3.768,5,10,500
15,51,6,PathIntegralAnnealingSampler,True,5,190.0,125.0,1.52,3.716,5,10,500
15,45,7,PathIntegralAnnealingSampler,True,5,175.8,128.3015133988632,1.3702098700385064,3.764,5,10,500
15,44,8,PathIntegralAnnealingSampler,True,5,179.8,120.09240222499979,1.497180476606128,3.725,5,10,500
15,55,9,PathIntegralAnnealingSampler,True,5,210.8,145.0,1.4537931034482758,3.758,5,10,500
15,50,10,PathIntegralAnnealingSampler,True,5,194.0,120.00000000000006,1.6166666666666658,3.72,5,10,500
15,54,11,PathIntegralAnnealingSampler,True,5,218.8,146.03235648319463,1.4982980845425133,3.706,5,10,500
15,54,12,PathIntegralAnnealingSampler,True,5,209.2,140.0,1.4942857142857142,3.747,5,10,500
15,55,13,PathIntegralAnnealingSampler,True,5,219.2,149.06043865626646,1.4705444447636133,3.764,5,10,500
15,46,14,PathIntegralAnnealingSampler,True,5,157.2,104.00000000000006,1.5115384615384606,3.715,5,10,500
15,53,15,PathIntegralAnnealingSampler,True,5,207.4,135.0,1.5362962962962963,3.706,5,10,500
15,46,16,PathIntegralAnnealingSampler,True,5,173.8,104.00000000000006,1.6711538461538453,3.751,5,10,500
15,50,17,PathIntegralAnnealingSampler,True,5,187.0,120.00000000000006,1.5583333333333327,3.721,5,10,500
15,50,18,PathIntegralAnnealingSampler,True,5,194.2,120.38148166294452,1.6132049324973383,3.78,5,10,500
15,50,19,PathIntegralAnnealingSampler,True,5,191.6,120.00000000000006,1.5966666666666658,3.706,5,10,500
15,50,20,PathIntegralAnnealingSampler,True,5,174.4,120.00000000000006,1.4533333333333327,3.754,5,10,500
15,60,21,PathIntegralAnnealingSampler,True,5,254.8,170.0,1.4988235294117647,3.77,5,10,500
15,54,22,PathIntegralAnnealingSampler,True,5,218.2,140.0,1.5585714285714285,3.746,5,10,500
15,50,23,PathIntegralAnnealingSampler,True,5,196.4,131.60900488769335,1.4922991034511288,3.751,5,10,500
15,57,24,PathIntegralAnnealingSampler,True,5,231.0,155.0,1.4903225806451612,3.75,5,10,500
15,48,25,PathIntegralAnnealingSampler,True,5,185.4,115.97929363272009,1.5985612103063795,3.727,5,10,500
15,58,26,PathIntegralAnnealingSampler,True,5,234.6,165.2615534362208,1.419567922012417,3.779,5,10,500
15,49,27,PathIntegralAnnealingSampler,True,5,179.2,116.00000000000006,1.5448275862068956,3.708,5,10,500
15,55,28,PathIntegralAnnealingSampler,True,5,216.8,145.0,1.4951724137931035,3.736,5,10,500
15,53,29,PathIntegralAnnealingSampler,True,5,210.6,140.06484781312813,1.5035892537503666,3.769,5,10,500
15,45,30,PathIntegralAnnealingSampler,True,5,162.4,100.00000000000006,1.6239999999999992,3.741,5,10,500
15,55,31,PathIntegralAnnealingSampler,True,5,222.4,145.0,1.533793103448276,3.761,5,10,500
15,57,32,PathIntegralAnnealingSampler,True,5,231.4,155.0,1.4929032258064516,3.718,5,10,500
15,53,33,PathIntegralAnnealingSampler,True,5,199.0,135.0,1.474074074074074,3.748,5,10,500
15,38,34,PathIntegralAnnealingSampler,True,5,137.0,73.97972910718417,1.8518586328088613,3.737,5,10,500
15,50,35,PathIntegralAnnealingSampler,True,5,196.8,120.00000000000006,1.6399999999999992,3.718,5,10,500
15,51,36,PathIntegralAnnealingSampler,True,5,202.0,125.0,1.616,3.718,5,10,500
15,56,37,PathIntegralAnnealingSampler,True,5,223.6,150.0,1.4906666666666666,3.833,5,10,500
15,53,38,PathIntegralAnnealingSampler,True,5,205.8,135.0,1.5244444444444445,4.024,5,10,500
15,48,39,PathIntegralAnnealingSampler,True,5,184.0,112.00000000000006,1.6428571428571421,4.119,5,10,500
15,58,40,PathIntegralAnnealingSampler,True,5,229.0,160.0,1.43125,3.965,5,10,500
15,61,41,PathIntegralAnnealingSampler,True,5,242.8,176.0,1.3795454545454546,3.888,5,10,500
15,55,42,PathIntegralAnnealingSampler,True,5,217.6,145.0,1.5006896551724138,4.171,5,10,500
15,55,43,PathIntegralAnnealingSampler,True,5,224.8,153.7294979104635,1.4623088155204282,4.186,5,10,500
15,56,44,PathIntegralAnnealingSampler,True,5,224.4,150.0,1.496,4.078,5,10,500
15,48,45,PathIntegralAnnealingSampler,True,5,190.2,116.86219157325144,1.627558044560366,3.671,5,10,500
15,54,46,PathIntegralAnnealingSampler,True,5,218.4,140.0,1.56,3.722,5,10,500
15,48,47,PathIntegralAnnealingSampler,True,5,179.6,116.66655008145095,1.5394301097839265,3.636,5,10,500
15,56,48,PathIntegralAnnealingSampler,True,5,212.0,150.0,1.4133333333333333,3.576,5,10,500
15,47,49,PathIntegralAnnealingSampler,True,5,169.4,108.00000000000006,1.5685185185185178,3.633,5,10,500
15,53,50,PathIntegralAnnealingSampler,True,5,200.4,135.0,1.4844444444444445,3.627,5,10,500
15,52,51,PathIntegralAnnealingSampler,True,5,193.6,130.0,1.4892307692307691,3.471,5,10,500
15,51,52,PathIntegralAnnealingSampler,True,5,203.2,130.30859168035425,1.5593753058006157,3.448,5,10,500
15,51,53,PathIntegralAnnealingSampler,True,5,198.0,125.0,1.584,3.519,5,10,500
15,51,54,PathIntegralAnnealingSampler,True,5,193.6,125.0,1.5488,3.47,5,10,500
15,61,55,PathIntegralAnnealingSampler,True,5,253.0,176.0,1.4375,3.432,5,10,500
15,52,56,PathIntegralAnnealingSampler,True,5,179.6,130.0,1.3815384615384616,3.477,5,10,500
15,50,57,PathIntegralAnnealingSampler,True,5,197.2,123.42284518898988,1.5977593102641545,3.414,5,10,500
15,61,58,PathIntegralAnnealingSampler,True,5,250.4,179.07195875278134,1.398320550822203,3.533,5,10,500
15,57,59,PathIntegralAnnealingSampler,True,5,234.8,155.0,1.5148387096774194,3.554,5,10,500
15,52,60,PathIntegralAnnealingSampler,True,5,196.8,130.0,1.5138461538461538,3.572,5,10,500
15,42,61,PathIntegralAnnealingSampler,True,5,158.0,88.70431474215995,1.781198586103329,3.391,5,10,500
15,51,62,PathIntegralAnnealingSampler,True,5,205.4,125.0,1.6432,3.397,5,10,500
15,56,63,PathIntegralAnnealingSampler,True,5,220.4,150.0,1.4693333333333334,3.403,5,10,500
15,51,64,PathIntegralAnnealingSampler,True,5,201.0,125.0,1.608,3.388,5,10,500
15,56,65,PathIntegralAnnealingSampler,True,5,228.0,150.0,1.52,3.413,5,10,500
15,49,66,PathIntegralAnnealingSampler,True,5,192.2,116.00000000000006,1.656896551724137,3.402,5,10,500
15,57,67,PathIntegralAnnealingSampler,True,5,221.4,155.0,1.4283870967741936,3.393,5,10,500
15,56,68,PathIntegralAnnealingSampler,True,5,238.8,160.87286447558742,1.4844019889770663,3.389,5,10,500
15,57,69,PathIntegralAnnealingSampler,True,5,224.4,155.0,1.447741935483871,3.403,5,10,500
15,58,70,PathIntegralAnnealingSampler,True,5,237.0,160.0,1.48125,3.403,5,10,500
15,53,71,PathIntegralAnnealingSampler,True,5,208.8,135.0,1.5466666666666669,3.406,5,10,500
15,53,72,PathIntegralAnnealingSampler,True,5,204.2,135.0,1.5125925925925925,3.371,5,10,500
15,56,73,PathIntegralAnnealingSampler,True,5,228.4,150.0,1.5226666666666666,3.36,5,10,500
15,52,74,PathIntegralAnnealingSampler,True,5,200.4,130.0,1.5415384615384615,3.371,5,10,500
15,50,75,PathIntegralAnnealingSampler,True,5,194.2,121.89180592206328,1.5932162012938755,3.37,5,10,500
15,51,76,PathIntegralAnnealingSampler,True,5,185.8,125.0,1.4864000000000002,3.363,5,10,500
15,45,77,PathIntegralAnnealingSampler,True,5,164.4,100.69665652723057,1.6326262029915826,3.357,5,10,500
15,41,78,PathIntegralAnnealingSampler,True,5,142.2,84.00000000000006,1.6928571428571415,3.367,5,10,500
15,54,79,PathIntegralAnnealingSampler,True,5,210.6,140.0,1.5042857142857142,3.375,5,10,500
15,47,80,PathIntegralAnnealingSampler,True,5,175.8,108.00000000000006,1.627777777777777,3.382,5,10,500
15,63,81,PathIntegralAnnealingSampler,True,5,264.6,188.0,1.4074468085106384,3.369,5,10,500
15,49,82,PathIntegralAnnealingSampler,True,5,194.2,130.11076143410978,1.4925744639373744,3.353,5,10,500
15,53,83,PathIntegralAnnealingSampler,True,5,210.2,135.0,1.557037037037037,3.379,5,10,500
15,49,84,PathIntegralAnnealingSampler,True,5,185.4,116.00000000000006,1.5982758620689648,3.399,5,10,500
15,45,85,PathIntegralAnnealingSampler,True,5,159.2,100.00000000000006,1.591999999999999,3.4,5,10,500
15,58,86,PathIntegralAnnealingSampler,True,5,236.0,160.0,1.475,3.395,5,10,500
15,56,87,PathIntegralAnnealingSampler,True,5,226.4,150.0,1.5093333333333334,3.383,5,10,500
15,49,88,PathIntegralAnnealingSampler,True,5,181.2,116.00000000000006,1.5620689655172406,3.4,5,10,500
15,56,89,PathIntegralAnnealingSampler,True,5,227.4,150.0,1.516,3.404,5,10,500
15,55,90,PathIntegralAnnealingSampler,True,5,217.4,145.0,1.4993103448275862,3.386,5,10,500
15,58,91,PathIntegralAnnealingSampler,True,5,233.4,160.0,1.45875,3.384,5,10,500
15,58,92,PathIntegralAnnealingSampler,True,5,232.8,160.0,1.455,3.386,5,10,500
15,56,93,PathIntegralAnnealingSampler,True,5,229.0,150.0,1.5266666666666666,3.387,5,10,500
15,52,94,PathIntegralAnnealingSampler,True,5,208.2,130.0,1.6015384615384614,3.378,5,10,500
15,50,95,PathIntegralAnnealingSampler,True,5,196.8,127.92768819134712,1.5383690800824723,3.388,5,10,500
15,57,96,PathIntegralAnnealingSampler,True,5,240.2,169.66144381116388,1.4157606737529993,3.376,5,10,500
15,52,97,PathIntegralAnnealingSampler,True,5,197.2,130.0,1.5169230769230768,3.399,5,10,500
15,48,98,PathIntegralAnnealingSampler,True,5,173.2,112.00000000000006,1.5464285714285706,3.405,5,10,500
15,57,99,PathIntegralAnnealingSampler,True,5,224.2,155.0,1.4464516129032257,3.399,5,10,500
20,98,0,PathIntegralAnnealingSampler,True,5,535.4,323.0000000000001,1.6575851393188847,7.674,5,10,500
20,87,1,PathIntegralAnnealingSampler,True,5,472.0,275.4245282778259,1.713718102564506,7.752,5,10,500
20,96,2,PathIntegralAnnealingSampler,True,5,534.4,333.9656616440207,1.6001645120318548,7.686,5,10,500
20,96,3,PathIntegralAnnealingSampler,True,5,523.4,359.17824201573745,1.4572152173323103,7.714,5,10,500
20,78,4,PathIntegralAnnealingSampler,True,5,409.8,243.25096155253172,1.6846798770474782,7.696,5,10,500
20,95,5,PathIntegralAnnealingSampler,True,5,515.2,305.0,1.6891803278688526,7.713,5,10,500
20,99,6,PathIntegralAnnealingSampler,True,5,540.4,365.6524809773818,1.4779060121663103,7.703,5,10,500
20,92,7,PathIntegralAnnealingSampler,True,5,485.6,287.0,1.69198606271777,7.703,5,10,500
20,93,8,PathIntegralAnnealingSampler,True,5,498.0,322.9065976011016,1.5422416379834942,7.666,5,10,500
20,87,9,PathIntegralAnnealingSampler,True,5,465.0,257.0,1.8093385214007782,7.681,5,10,500
20,91,10,PathIntegralAnnealingSampler,True,5,481.2,316.5249506777438,1.5202593001583404,7.713,5,10,500
20,101,11,PathIntegralAnnealingSampler,True,5,553.0,343.0,1.6122448979591837,7.709,5,10,500
20,94,12,PathIntegralAnnealingSampler,True,5,487.8,317.5725368772195,1.5360270280190953,7.754,5,10,500
20,93,13,PathIntegralAnnealingSampler,True,5,516.4,350.1195543807781,1.4749247608100773,7.965,5,10,500
20,102,14,PathIntegralAnnealingSampler,True,5,539.2,365.9228588054341,1.4735346180892723,8.441,5,10,500
20,92,15,PathIntegralAnnealingSampler,True,5,491.0,287.0,1.710801393728223,8.237,5,10,500
20,93,16,PathIntegralAnnealingSampler,True,5,486.6,293.8456849316441,1.6559712289571156,7.724,5,10,500
20,96,17,PathIntegralAnnealingSampler,True,5,524.8,337.0587429842088,1.5569986268672071,7.731,5,10,500
20,90,18,PathIntegralAnnealingSampler,True,5,464.8,275.0,1.6901818181818182,7.72,5,10,500
20,82,19,PathIntegralAnnealingSampler,True,5,410.4,243.77267244364427,1.6835357133596542,7.695,5,10,500
20,100,20,PathIntegralAnnealingSampler,True,5,551.2,336.0,1.6404761904761906,7.929,5,10,500
20,93,21,PathIntegralAnnealingSampler,True,5,488.8,330.66121725720274,1.478250168116299,8.07,5,10,500
20,104,22,PathIntegralAnnealingSampler,True,5,584.0,364.0,1.6043956043956045,7.718,5,10,500
20,101,23,PathIntegralAnnealingSampler,True,5,549.6,345.5876163343076,1.5903347632350895,7.64,5,10,500
20,100,24,PathIntegralAnnealingSampler,True,5,558.6,342.1010680032468,1.6328507924877291,7.77,5,10,500
20,92,25,PathIntegralAnnealingSampler,True,5,477.4,324.37786396689694,1.471740377600856,7.626,5,10,500
20,91,26,PathIntegralAnnealingSampler,True,5,466.4,299.79507113921073,1.555729379498123,7.625,5,10,500
20,93,27,PathIntegralAnnealingSampler,True,5,510.2,323.60825737140215,1.5765975940918227,7.613,5,10,500
20,92,28,PathIntegralAnnealingSampler,True,5,504.4,287.0,1.757491289198606,7.692,5,10,500
20,96,29,PathIntegralAnnealingSampler,True,5,522.6,311.0000000000001,1.6803858520900317,7.631,5,10,500
20,100,30,PathIntegralAnnealingSampler,True,5,564.2,384.1668584608115,1.4686326724291172,7.622,5,10,500
20,93,31,PathIntegralAnnealingSampler,True,5,499.6,293.0,1.7051194539249148,7.587,5,10,500
20,106,32,PathIntegralAnnealingSampler,True,5,569.8,378.0,1.5074074074074073,7.619,5,10,500
20,89,33,PathIntegralAnnealingSampler,True,5,478.8,280.61487965979774,1.706253070330665,7.612,5,10,500
20,87,34,PathIntegralAnnealingSampler,True,5,437.0,283.3954513242101,1.542014869886049,7.594,5,10,500
20,100,35,PathIntegralAnnealingSampler,True,5,531.6,338.19066925829895,1.5718943434065633,7.589,5,10,500
20,95,36,PathIntegralAnnealingSampler,True,5,534.0,341.4095797239293,1.5641037384826846,7.608,5,10,500
20,105,37,PathIntegralAnnealingSampler,True,5,576.2,371.0,1.5530997304582213,7.606,5,10,500
20,98,38,PathIntegralAnnealingSampler,True,5,529.8,323.0000000000001,1.640247678018575,7.633,5,10,500
20,100,39,PathIntegralAnnealingSampler,True,5,564.0,351.9525850501816,1.602488584988187,7.7,5,10,500
20,105,40,PathIntegralAnnealingSampler,True,5,593.0,436.7282269187026,1.3578238443250144,7.68,5,10,500
20,87,41,PathIntegralAnnealingSampler,True,5,453.0,257.0,1.7626459143968871,7.712,5,10,500
20,87,42,PathIntegralAnnealingSampler,True,5,445.6,295.30587627630115,1.5089438978284235,7.694,5,10,500
20,84,43,PathIntegralAnnealingSampler,True,5,439.2,284.54865962441556,1.5434969912693086,7.644,5,10,500
20,95,44,PathIntegralAnnealingSampler,True,5,517.0,305.0,1.6950819672131148,7.685,5,10,500
20,92,45,PathIntegralAnnealingSampler,True,5,505.0,342.7763964352029,1.4732636355708442,7.657,5,10,500
20,96,46,PathIntegralAnnealingSampler,True,5,524.2,362.16409446495635,1.4474101878443464,7.653,5,10,500
20,94,47,PathIntegralAnnealingSampler,True,5,481.6,299.0,1.6107023411371237,7.637,5,10,500
20,92,48,PathIntegralAnnealingSampler,True,5,494.6,287.0,1.7233449477351916,7.704,5,10,500
20,104,49,PathIntegralAnnealingSampler,True,5,586.4,368.26240196423987,1.5923428426911264,7.613,5,10,500
20,98,50,PathIntegralAnnealingSampler,True,5,519.4,323.0000000000001,1.6080495356037146,7.657,5,10,500
20,106,51,PathIntegralAnnealingSampler,True,5,600.6,378.0,1.588888888888889,7.64,5,10,500
20,93,52,PathIntegralAnnealingSampler,True,5,508.2,293.0,1.7344709897610922,7.64,5,10,500
20,97,53,PathIntegralAnnealingSampler,True,5,523.0,356.43829350039897,1.4672946468907235,7.627,5,10,500
20,88,54,PathIntegralAnnealingSampler,True,5,458.6,284.88857081473105,1.6097521872796965,7.647,5,10,500
20,109,55,PathIntegralAnnealingSampler,True,5,603.0,399.0,1.5112781954887218,7.657,5,10,500
20,88,56,PathIntegralAnnealingSampler,True,5,457.8,263.0,1.740684410646388,7.647,5,10,500
20,100,57,PathIntegralAnnealingSampler,True,5,555.2,373.20936930932703,1.4876368217321836,7.624,5,10,500
20,106,58,PathIntegralAnnealingSampler,True,5,592.4,378.0,1.567195767195767,7.734,5,10,500
20,98,59,PathIntegralAnnealingSampler,True,5,545.4,346.7532616453086,1.5728763369438343,8.142,5,10,500
20,103,60,PathIntegralAnnealingSampler,True,5,566.4,384.1550781764568,1.4744045625757192,7.84,5,10,500
20,96,61,PathIntegralAnnealingSampler,True,5,519.0,311.0000000000001,1.6688102893890668,7.776,5,10,500
20,92,62,PathIntegralAnnealingSampler,True,5,495.4,287.0,1.7261324041811845,10.533,5,10,500
20,77,63,PathIntegralAnnealingSampler,True,5,370.8,205.00000000000023,1.808780487804876,17.56,5,10,500
20,83,64,PathIntegralAnnealingSampler,True,5,432.4,265.3978226176862,1.629252251337742,17.777,5,10,500
20,97,65,PathIntegralAnnealingSampler,True,5,544.0,334.96417338598343,1.62405428168923,17.981,5,10,500
20,93,66,PathIntegralAnnealingSampler,True,5,503.4,313.81795325615843,1.6041147256769357,17.582,5,10,500
20,103,67,PathIntegralAnnealingSampler,True,5,568.0,377.08644520181406,1.5062859119637948,17.704,5,10,500
20,95,68,PathIntegralAnnealingSampler,True,5,515.2,328.4225353709312,1.5687108663786309,18.415,5,10,500
20,89,69,PathIntegralAnnealingSampler,True,5,470.8,269.0,1.750185873605948,17.929,5,10,500
20,96,70,PathIntegralAnnealingSampler,True,5,509.6,311.0000000000001,1.638585209003215,17.256,5,10,500
20,103,71,PathIntegralAnnealingSampler,True,5,576.6,395.0013148591527,1.4597419763162072,18.077,5,10,500
20,103,72,PathIntegralAnnealingSampler,True,5,574.8,357.0,1.6100840336134452,18.215,5,10,500
20,94,73,PathIntegralAnnealingSampler,True,5,496.8,299.0,1.6615384615384616,18.47,5,10,500
20,93,74,PathIntegralAnnealingSampler,True,5,488.2,293.0,1.666211604095563,15.272,5,10,500
20,95,75,PathIntegralAnnealingSampler,True,5,526.4,392.1446111735227,1.3423619374105582,9.086,5,10,500
20,88,76,PathIntegralAnnealingSampler,True,5,484.4,355.7717035467524,1.3615472933089643,9.225,5,10,500
20,100,77,PathIntegralAnnealingSampler,True,5,548.6,336.0,1.6327380952380952,10.131,5,10,500
20,83,78,PathIntegralAnnealingSampler,True,5,421.6,261.10304302739354,1.6146881901938155,9.615,5,10,500
20,89,79,PathIntegralAnnealingSampler,True,5,463.6,269.0,1.7234200743494426,9.432,5,10,500
20,83,80,PathIntegralAnnealingSampler,True,5,422.8,277.74107853140174,1.5222811196515094,9.42,5,10,500
20,101,81,PathIntegralAnnealingSampler,True,5,564.2,406.25399842154883,1.3887863311921396,9.681,5,10,500
20,88,82,PathIntegralAnnealingSampler,True,5,473.0,263.0,1.7984790874524714,9.709,5,10,500
20,106,83,PathIntegralAnnealingSampler,True,5,594.2,413.7080529956517,1.4362785440056334,9.87,5,10,500
20,84,84,PathIntegralAnnealingSampler,True,5,430.2,268.6888211123132,1.6011086662223821,10.359,5,10,500
20,93,85,PathIntegralAnnealingSampler,True,5,485.2,293.0,1.6559726962457337,9.295,5,10,500
20,94,86,PathIntegralAnnealingSampler,True,5,512.2,377.5222807554005,1.3567411146571724,9.342,5,10,500
20,83,87,PathIntegralAnnealingSampler,True,5,431.2,264.3848305786194,1.6309559026374443,9.321,5,10,500
20,95,88,PathIntegralAnnealingSampler,True,5,481.2,318.8236927822353,1.5092981195995112,9.582,5,10,500
20,95,89,PathIntegralAnnealingSampler,True,5,501.6,305.0,1.6445901639344263,9.559,5,10,500
20,99,90,PathIntegralAnnealingSampler,True,5,537.6,343.76592641308866,1.5638548171699522,9.488,5,10,500
20,96,91,PathIntegralAnnealingSampler,True,5,516.4,311.0000000000001,1.6604501607717035,8.755,5,10,500
20,87,92,PathIntegralAnnealingSampler,True,5,461.4,281.6394527985154,1.638264793569547,8.637,5,10,500
20,97,93,PathIntegralAnnealingSampler,True,5,532.6,317.0000000000001,1.6801261829652991,8.645,5,10,500
20,94,94,PathIntegralAnnealingSampler,True,5,500.2,299.0,1.6729096989966554,8.635,5,10,500
20,89,95,PathIntegralAnnealingSampler,True,5,462.2,277.3345840080978,1.6665790227824755,8.626,5,10,500
20,85,96,PathIntegralAnnealingSampler,True,5,438.0,245.00000000000023,1.7877551020408147,8.629,5,10,500
20,94,97,PathIntegralAnnealingSampler,True,5,483.8,299.0,1.6180602006688964,8.631,5,10,500
20,110,98,PathIntegralAnnealingSampler,True,5,627.4,446.2368596610347,1.4059797760242807,8.605,5,10,500
20,75,99,PathIntegralAnnealingSampler,True,5,387.2,211.34692555550714,1.8320588245240768,8.599,5,10,500
25,151,0,PathIntegralAnnealingSampler,True,5,1042.0,592.0,1.760135135135135,16.307,5,10,500
25,145,1,PathIntegralAnnealingSampler,True,5,1005.4,609.8111292774846,1.6487072008528547,16.313,5,10,500
25,142,2,PathIntegralAnnealingSampler,True,5,992.0,701.5688950163258,1.4139737480478176,16.354,5,10,500
25,146,3,PathIntegralAnnealingSampler,True,5,1049.4,563.6333291687371,1.8618487333736737,16.319,5,10,500
25,150,4,PathIntegralAnnealingSampler,True,5,1054.4,711.048229585088,1.4828811269458686,16.407,5,10,500
25,140,5,PathIntegralAnnealingSampler,True,5,956.6,553.4435756161688,1.7284508162100942,16.788,5,10,500
25,142,6,PathIntegralAnnealingSampler,True,5,979.2,668.6599275677748,1.4644215387062343,16.773,5,10,500
25,154,7,PathIntegralAnnealingSampler,True,5,1120.6,807.2195211951461,1.388222126170675,16.741,5,10,500
25,150,8,PathIntegralAnnealingSampler,True,5,1079.2,717.1738115659674,1.5047956054663223,16.722,5,10,500
25,151,9,PathIntegralAnnealingSampler,True,5,1053.4,699.8250868900317,1.5052332643307027,16.663,5,10,500
25,145,10,PathIntegralAnnealingSampler,True,5,1005.2,565.4669722776791,1.7776458206764814,16.518,5,10,500
25,154,11,PathIntegralAnnealingSampler,True,5,1056.4,616.0,1.714935064935065,16.534,5,10,500
25,133,12,PathIntegralAnnealingSampler,True,5,908.2,586.4258923744279,1.5487037864626245,16.553,5,10,500
25,153,13,PathIntegralAnnealingSampler,True,4,1087.0,696.2501417799416,1.5612205079357235,16.585,5,10,500
25,168,14,PathIntegralAnnealingSampler,True,5,1191.2,797.788939118228,1.4931267426652937,16.618,5,10,500
25,152,15,PathIntegralAnnealingSampler,True,5,1066.2,738.0806632367788,1.4445575573329434,16.468,5,10,500
25,141,16,PathIntegralAnnealingSampler,True,5,972.2,554.838045185386,1.7522230287491594,16.491,5,10,500
25,155,17,PathIntegralAnnealingSampler,True,5,1102.4,739.5567126889756,1.4906226677217926,16.366,5,10,500
25,145,18,PathIntegralAnnealingSampler,True,5,1027.2,703.3126483442484,1.4605168873590617,16.391,5,10,500
25,156,19,PathIntegralAnnealingSampler,True,5,1112.2,759.923769448823,1.463567853400197,16.32,5,10,500
25,160,20,PathIntegralAnnealingSampler,True,5,1150.4,770.7523579280778,1.4925676038053053,16.301,5,10,500
25,140,21,PathIntegralAnnealingSampler,True,5,969.2,553.3498378436965,1.7515140219012186,16.289,5,10,500
25,153,22,PathIntegralAnnealingSampler,True,5,1056.8,679.4623408298115,1.5553474217708,16.306,5,10,500
25,155,23,PathIntegralAnnealingSampler,True,5,1088.0,632.9097909112214,1.7190443498015253,16.351,5,10,500
25,157,24,PathIntegralAnnealingSampler,True,5,1111.4,725.4401110633015,1.5320354954883655,16.324,5,10,500
25,159,25,PathIntegralAnnealingSampler,True,5,1145.8,695.9884759360484,1.6462916263936573,16.313,5,10,500
25,144,26,PathIntegralAnnealingSampler,True,5,998.6,699.2172077945055,1.4281685131145696,16.553,5,10,500
25,132,27,PathIntegralAnnealingSampler,True,5,856.0,526.8833231193452,1.6246481193068738,16.747,5,10,500
25,151,28,PathIntegralAnnealingSampler,True,5,1057.6,592.0,1.7864864864864862,16.71,5,10,500
25,143,29,PathIntegralAnnealingSampler,True,5,996.6,611.0135911928622,1.6310602814159498,16.669,5,10,500
25,153,30,PathIntegralAnnealingSampler,True,4,1095.25,705.9970271819006,1.5513521414840292,16.607,5,10,500
25,161,31,PathIntegralAnnealingSampler,True,5,1147.4,795.8987617230354,1.4416406397165418,16.557,5,10,500
25,159,32,PathIntegralAnnealingSampler,True,5,1134.2,685.6920837099187,1.6540952228344845,16.476,5,10,500
25,151,33,PathIntegralAnnealingSampler,True,5,1057.6,677.2293056355468,1.5616571687007752,16.551,5,10,500
25,150,34,PathIntegralAnnealingSampler,True,5,1032.2,727.9467547315744,1.4179608512447,16.512,5,10,500
25,153,35,PathIntegralAnnealingSampler,True,5,1094.4,661.0123706731238,1.6556422369002686,16.522,5,10,500
25,156,36,PathIntegralAnnealingSampler,True,5,1089.8,674.2481679042454,1.6163188153516346,16.501,5,10,500
25,159,37,PathIntegralAnnealingSampler,True,4,1175.25,722.7858618142717,1.626000261059332,16.395,5,10,500
25,159,38,PathIntegralAnnealingSampler,True,5,1153.2,739.7319853078588,1.5589429994974,16.449,5,10,500
25,143,39,PathIntegralAnnealingSampler,True,5,973.2,623.486167896258,1.5609007065605518,16.438,5,10,500
25,127,40,PathIntegralAnnealingSampler,True,5,877.0,530.8311311779219,1.652126163086789,16.455,5,10,500
25,147,41,PathIntegralAnnealingSampler,True,5,1037.0,641.8748650619726,1.6155796969863874,16.371,5,10,500
25,160,42,PathIntegralAnnealingSampler,True,5,1164.0,673.760817338905,1.7276160471862263,16.351,5,10,500
25,135,43,PathIntegralAnnealingSampler,True,5,952.0,581.7388566389222,1.6364731169932731,16.319,5,10,500
25,157,44,PathIntegralAnnealingSampler,True,5,1142.2,795.8292907718859,1.4352324213804248,16.311,5,10,500
25,169,45,PathIntegralAnnealingSampler,True,5,1230.0,775.7747111186395,1.5855118533399777,16.289,5,10,500
25,146,46,PathIntegralAnnealingSampler,True,5,1051.0,645.0700129094477,1.6292805105909258,16.278,5,10,500
25,151,47,PathIntegralAnnealingSampler,True,5,1086.8,655.5188376628457,1.6579233693341637,16.308,5,10,500
25,147,48,PathIntegralAnnealingSampler,True,5,1014.8,642.9676484256985,1.5783064707605898,16.739,5,10,500
25,140,49,PathIntegralAnnealingSampler,True,4,1004.25,554.0045521790336,1.812710736852328,16.73,5,10,500
25,137,50,PathIntegralAnnealingSampler,True,5,925.0,490.0,1.8877551020408163,16.75,5,10,500
25,150,51,PathIntegralAnnealingSampler,True,5,1074.4,751.1191665869852,1.4303988605189941,16.637,5,10,500
25,147,52,PathIntegralAnnealingSampler,True,5,1014.4,560.0000000000002,1.8114285714285707,16.588,5,10,500
25,142,53,PathIntegralAnnealingSampler,True,5,994.6,525.0,1.8944761904761904,16.501,5,10,500
25,151,54,PathIntegralAnnealingSampler,True,4,1090.5,708.832626652386,1.538444985454634,16.526,5,10,500
25,137,55,PathIntegralAnnealingSampler,True,5,950.4,554.3154223878398,1.7145472805103197,16.504,5,10,500
25,149,56,PathIntegralAnnealingSampler,True,4,1044.75,576.0,1.8138020833333333,16.484,5,10,500
25,158,57,PathIntegralAnnealingSampler,True,5,1078.2,648.0,1.663888888888889,16.47,5,10,500
25,138,58,PathIntegralAnnealingSampler,True,5,961.2,605.5521780901769,1.5873116054697127,16.469,5,10,500
25,152,59,PathIntegralAnnealingSampler,True,5,1068.8,665.0915204693835,1.606996882542875,16.433,5,10,500
25,141,60,PathIntegralAnnealingSampler,True,5,989.2,597.7690845730659,1.6548196043067347,16.453,5,10,500
25,142,61,PathIntegralAnnealingSampler,True,5,994.8,620.5470213384308,1.6031017244339667,16.425,5,10,500
25,152,62,PathIntegralAnnealingSampler,True,5,1093.6,705.600640536659,1.5498852143448172,16.356,5,10,500
25,143,63,PathIntegralAnnealingSampler,True,5,1009.8,532.0,1.8981203007518797,16.326,5,10,500
25,150,64,PathIntegralAnnealingSampler,True,5,1069.2,584.0,1.8308219178082192,16.297,5,10,500
25,148,65,PathIntegralAnnealingSampler,True,5,1012.2,568.0,1.7820422535211269,16.336,5,10,500
25,157,66,PathIntegralAnnealingSampler,True,5,1140.6,765.5871378705209,1.4898369415826087,16.311,5,10,500
25,153,67,PathIntegralAnnealingSampler,True,5,1104.4,767.2151727425303,1.4394918651727782,16.399,5,10,500
25,159,68,PathIntegralAnnealingSampler,True,5,1122.4,656.0,1.7109756097560977,16.328,5,10,500
25,139,69,PathIntegralAnnealingSampler,True,5,935.6,610.3292709049275,1.5329430269873796,16.519,5,10,500
25,160,70,PathIntegralAnnealingSampler,True,5,1168.0,705.3352021639643,1.6559502438224873,16.691,5,10,500
25,155,71,PathIntegralAnnealingSampler,True,5,1109.6,624.0,1.778205128205128,16.673,5,10,500
25,146,72,PathIntegralAnnealingSampler,True,5,1047.2,654.1776982730129,1.600788291567476,16.636,5,10,500
25,138,73,PathIntegralAnnealingSampler,True,5,946.6,681.6716487806821,1.3886451074988961,16.582,5,10,500
25,170,74,PathIntegralAnnealingSampler,True,5,1264.8,890.2258007193656,1.4207631355752124,16.579,5,10,500
25,155,75,PathIntegralAnnealingSampler,True,5,1088.4,756.7974686347256,1.4381654869479024,16.476,5,10,500
25,158,76,PathIntegralAnnealingSampler,True,5,1161.0,762.3200000699899,1.5229824744115419,16.463,5,10,500
25,161,77,PathIntegralAnnealingSampler,True,5,1175.6,747.9340718037364,1.571796291035243,16.447,5,10,500
25,142,78,PathIntegralAnnealingSampler,True,5,968.2,630.0157394954533,1.5367870027745352,16.428,5,10,500
25,156,79,PathIntegralAnnealingSampler,True,5,1109.4,632.0,1.7553797468354433,16.339,5,10,500
25,170,80,PathIntegralAnnealingSampler,True,5,1251.4,750.0,1.6685333333333334,16.591,5,10,500
25,152,81,PathIntegralAnnealingSampler,True,5,1088.0,600.0,1.8133333333333332,16.733,5,10,500
25,151,82,PathIntegralAnnealingSampler,True,5,1085.0,744.8650049136546,1.4566397841791132,16.649,5,10,500
25,158,83,PathIntegralAnnealingSampler,True,5,1135.4,756.7878764697947,1.5002883044272932,16.651,5,10,500
25,141,84,PathIntegralAnnealingSampler,True,5,976.2,624.2850155751497,1.5637088439494793,16.608,5,10,500
25,145,85,PathIntegralAnnealingSampler,True,5,1004.0,651.1471394719073,1.5418942035348002,16.537,5,10,500
25,153,86,PathIntegralAnnealingSampler,True,5,1080.4,608.0,1.7769736842105264,16.576,5,10,500
25,148,87,PathIntegralAnnealingSampler,True,5,1031.2,711.9602681316488,1.448395431821092,16.603,5,10,500
25,153,88,PathIntegralAnnealingSampler,True,5,1079.0,751.680604643287,1.435450101192971,16.675,5,10,500
25,156,89,PathIntegralAnnealingSampler,True,5,1115.2,649.7391645234835,1.7163810662666208,16.558,5,10,500
25,151,90,PathIntegralAnnealingSampler,True,5,1047.6,592.0,1.7695945945945943,16.554,5,10,500
25,158,91,PathIntegralAnnealingSampler,True,5,1126.2,648.0,1.737962962962963,16.641,5,10,500
25,129,92,PathIntegralAnnealingSampler,True,5,873.0,536.3175358222722,1.6277670254833871,16.43,5,10,500
25,167,93,PathIntegralAnnealingSampler,True,3,1222.6666666666667,731.2240014882187,1.6720822404328122,16.401,5,10,500
25,155,94,PathIntegralAnnealingSampler,True,5,1116.8,671.1596676769276,1.6639855667512902,16.351,5,10,500
25,150,95,PathIntegralAnnealingSampler,True,5,1077.6,692.867143276406,1.5552765208410413,16.603,5,10,500
25,157,96,PathIntegralAnnealingSampler,True,5,1142.6,728.956309068914,1.5674464790069893,16.418,5,10,500
25,145,97,PathIntegralAnnealingSampler,True,5,1002.4,687.5683810546944,1.4578913568747447,16.624,5,10,500
25,145,98,PathIntegralAnnealingSampler,True,5,1026.8,714.7358592073996,1.4366146413007195,16.405,5,10,500
25,145,99,PathIntegralAnnealingSampler,True,5,985.0,608.6435414151038,1.618352833761881,16.431,5,10,500
5,5,0,PathIntegralAnnealingSampler,True,5,7.0,7.0,1.0,0.198,5,10,500
5,8,1,PathIntegralAnnealingSampler,True,5,14.0,13.0,1.0769230769230769,0.2,5,10,500
5,6,2,PathIntegralAnnealingSampler,True,5,10.2,9.0,1.1333333333333333,0.201,5,10,500
5,6,3,PathIntegralAnnealingSampler,True,5,9.0,9.0,1.0,0.201,5,10,500
5,4,4,PathIntegralAnnealingSampler,True,5,5.0,4.5,1.1111111111111112,0.202,5,10,500
5,5,5,PathIntegralAnnealingSampler,True,5,6.2,6.0,1.0333333333333334,0.2,5,10,500
5,6,6,PathIntegralAnnealingSampler,True,5,8.0,8.0,1.0,0.196,5,10,500
5,6,7,PathIntegralAnnealingSampler,True,5,8.0,8.0,1.0,0.199,5,10,500
5,6,8,PathIntegralAnnealingSampler,True,5,9.0,8.0,1.125,0.197,5,10,500
5,5,9,PathIntegralAnnealingSampler,True,5,6.0,6.0,1.0,0.198,5,10,500
5,5,10,PathIntegralAnnealingSampler,True,5,7.0,6.0,1.1666666666666667,0.208,5,10,500
5,7,11,PathIntegralAnnealingSampler,True,5,12.0,11.0,1.0909090909090908,0.2,5,10,500
5,7,12,PathIntegralAnnealingSampler,True,5,11.0,10.0,1.1,0.199,5,10,500
5,9,13,PathIntegralAnnealingSampler,True,5,16.0,16.0,1.0,0.199,5,10,500
5,7,14,PathIntegralAnnealingSampler,True,5,10.0,10.0,1.0,0.201,5,10,500
5,4,15,PathIntegralAnnealingSampler,True,5,6.0,5.0,1.2,0.202,5,10,500
5,4,16,PathIntegralAnnealingSampler,True,5,4.2,4.0,1.05,0.199,5,10,500
5,8,17,PathIntegralAnnealingSampler,True,5,13.0,13.0,1.0,0.199,5,10,500
5,5,18,PathIntegralAnnealingSampler,True,5,8.0,8.0,1.0,0.198,5,10,500
5,7,19,PathIntegralAnnealingSampler,True,5,12.0,10.0,1.2,0.203,5,10,500
5,10,20,PathIntegralAnnealingSampler,True,5,20.0,20.0,1.0,0.199,5,10,500
